810
750
0
0
4
30
0
364
270
180
30600
1000000000
1000000000
40500
30600
34344
0
0
34344
25524
0
0
0
1
0
0
0
1
570
630
3140
0
0
0
0
0
622
0
2
0
0
0
0
0
1
0
0
0
0
0
0
324
480
1
0
0
0
0
210
120
0
0
0
0
4
0
326
480
7
13
350
480
1
0
1
2
1
150
630
2
0
374
480
9
13
330
420
1
0
1
2
1
150
570
0
0
510
586
14
16
360
420
0
0
1
2
1
480
630
7
0
450
436
12
11
390
420
1
0
1
2
1
240
480
3
0
1
1
1
1
1
1
1
1
1
1
1
1
1
1
1
1
1
1
1
0
0
0
1
2
2
2
2
2
2
2
2
2
2
2
2
2
2
2
2
2
1
0
0
0
1
2
1
1
1
1
1
1
2
1
2
1
1
1
1
1
1
2
1
0
0
0
1
2
2
2
2
1
2
2
2
1
2
2
2
1
2
2
2
2
1
0
0
0
1
1
2
1
2
1
2
1
1
1
1
1
0
1
2
1
2
1
1
0
0
0
1
2
2
1
2
2
2
2
2
2
2
2
2
2
2
1
2
2
1
0
0
0
1
2
1
1
2
1
1
1
2
1
2
1
1
1
2
1
1
2
1
0
0
0
1
2
2
2
2
2
2
2
2
1
2
0
0
0
2
2
2
2
1
0
0
0
1
1
1
1
2
1
2
1
1
1
1
1
0
1
2
1
1
1
1
0
0
0
0
0
0
1
2
1
2
0
2
2
2
2
2
1
2
1
0
0
0
0
0
0
1
1
1
1
2
1
2
1
1
1
1
1
2
1
2
1
1
1
1
0
0
0
2
2
2
2
2
2
2
1
0
0
0
1
2
2
2
2
2
2
2
2
0
0
1
1
1
1
2
1
2
1
1
0
1
1
2
1
2
1
1
1
1
0
0
0
0
0
0
1
2
1
2
2
2
2
2
2
2
1
2
1
0
0
0
0
0
0
1
1
1
1
2
1
1
1
0
1
2
1
1
1
2
1
1
1
1
0
0
0
1
2
2
2
2
1
0
0
0
1
2
2
2
1
2
0
0
0
1
0
0
0
1
2
1
1
2
1
0
1
1
1
1
1
0
1
2
1
1
0
1
0
0
0
1
2
0
0
2
0
0
0
2
2
2
2
2
2
2
0
0
2
1
0
0
0
1
2
1
1
2
1
1
1
2
1
2
1
1
1
2
1
1
2
1
0
0
0
1
2
2
2
2
2
2
2
2
1
2
2
0
0
2
2
2
2
1
0
0
0
1
1
1
1
1
1
1
1
1
1
1
1
1
1
1
1
1
1
1
0
0
0
0
0
0
0
0
0
0
0
0
0
0
0
0
0
0
0
0
0
0
0
0
0
0
0
0
0
0
0
0
0
0
0
0
0
0
0
0
0
0
0
0
0
0
0
0
0
0
0
0
0
0
0
0
0
0
0
0
0
0
0
0
0
0
0
0
0
